ILE 4  N   22.984 31.09 0.792 1.55 8
ILE 4  CA  21.688 30.359 0.711 1.7 2
ILE 4  C   20.886 30.672 1.964 1.7 0
ILE 4  O   21.402 30.564 3.074 1.52 10
ILE 4  CB  21.896 28.822 0.607 1.7 1
ILE 4  CG1 22.476 28.446 -0.76 1.7 1
ILE 4  CG2 20.585 28.087 0.817 1.7 1
ILE 4  CD1 23.94 28.786 -0.941 1.7 1
ARG 5  N   19.628 31.06 1.78 1.55 8
ARG 5  CA  18.759 31.399 2.901 1.7 2
ARG 5  C   17.789 30.273 3.273 1.7 0
ARG 5  O   17.215 29.61 2.399 1.52 10
ARG 5  CB  17.99 32.679 2.591 1.7 1
ARG 5  CG  17.159 33.21 3.741 1.7 1
ARG 5  CD  16.854 34.691 3.573 1.7 2
ARG 5  NE  18.013 35.529 3.877 1.55 6
ARG 5  CZ  18.923 35.923 2.99 1.7 2
ARG 5  NH1 18.831 35.556 1.719 1.55 7
ARG 5  NH2 19.927 36.698 3.376 1.55 7
LYS 6  N   17.649 30.051 4.581 1.55 8
LYS 6  CA  16.757 29.024 5.118 1.7 2
LYS 6  C   16.035 29.542 6.355 1.7 0
LYS 6  O   16.567 30.385 7.093 1.52 10
LYS 6  CB  17.532 27.75 5.471 1.7 1
LYS 6  CG  18.044 26.978 4.27 1.7 1
LYS 6  CD  16.914 26.674 3.316 1.7 1
LYS 6  CE  17.403 25.921 2.099 1.7 2
LYS 6  NZ  16.291 25.581 1.177 1.55 7
LYS 7  N   14.82 29.038 6.567 1.55 8
LYS 7  CA  13.98 29.424 7.701 1.7 2
LYS 7  C   13.744 28.237 8.634 1.7 0
LYS 7  O   13.481 27.112 8.183 1.52 10
LYS 7  CB  12.625 29.952 7.21 1.7 1
LYS 7  CG  11.575 30.131 8.306 1.7 1
LYS 7  CD  10.242 30.609 7.73 1.7 1
LYS 7  CE  9.145 30.643 8.793 1.7 2
LYS 7  NZ  7.901 31.313 8.305 1.55 7
LEU 8  N   13.826 28.503 9.935 1.55 8
LEU 8  CA  13.612 27.46 10.928 1.7 2
LEU 8  C   12.791 27.96 12.109 1.7 0
LEU 8  O   12.921 29.113 12.538 1.52 10
LEU 8  CB  14.942 26.828 11.367 1.7 1
LEU 8  CG  15.78 27.231 12.582 1.7 1
LEU 8  CD1 15.208 26.634 13.862 1.7 1
LEU 8  CD2 17.179 26.696 12.372 1.7 1
VAL 9  N   11.923 27.079 12.59 1.55 8
VAL 9  CA  11.014 27.347 13.696 1.7 2
VAL 9  C   11.266 26.392 14.871 1.7 0
VAL 9  O   11.385 25.174 14.684 1.52 10
VAL 9  CB  9.549 27.153 13.22 1.7 1
VAL 9  CG1 8.572 27.302 14.38 1.7 1
VAL 9  CG2 9.226 28.133 12.102 1.7 1
ILE 10  N   11.322 26.953 16.081 1.55 8
ILE 10  CA  11.536 26.181 17.306 1.7 2
ILE 10  C   10.201 26.044 18.077 1.7 0
ILE 10  O   9.428 27.0 18.137 1.52 10
ILE 10  CB  12.59 26.875 18.199 1.7 1
ILE 10  CG1 12.95 25.993 19.395 1.7 1
ILE 10  CG2 12.072 28.228 18.674 1.7 1
ILE 10  CD1 14.168 26.48 20.161 1.7 1
VAL 11  N   9.923 24.86 18.627 1.55 8
VAL 11  CA  8.677 24.612 19.373 1.7 2
VAL 11  C   8.874 23.621 20.533 1.7 0
VAL 11  O   9.774 22.784 20.489 1.52 10
VAL 11  CB  7.539 24.063 18.45 1.7 1
VAL 11  CG1 7.325 24.965 17.228 1.7 1
VAL 11  CG2 7.83 22.648 18.02 1.7 1
GLY 12  N   8.042 23.734 21.569 1.55 8
GLY 12  CA  8.132 22.848 22.724 1.7 2
GLY 12  C   7.421 23.444 23.929 1.7 0
GLY 12  O   6.991 24.601 23.866 1.52 10
ASP 13  N   7.363 22.704 25.041 1.55 8
ASP 13  CA  6.682 23.161 26.26 1.7 2
ASP 13  C   7.168 24.478 26.845 1.7 0
ASP 13  O   8.136 25.081 26.364 1.52 10
ASP 13  CB  6.73 22.09 27.357 1.7 1
ASP 13  CG  5.676 21.004 27.176 1.7 0
ASP 13  OD1 4.996 20.982 26.127 1.52 12
ASP 13  OD2 5.523 20.164 28.091 1.52 12
VAL 14  N   6.468 24.938 27.876 1.55 8
VAL 14  CA  6.79 26.186 28.554 1.7 2
VAL 14  C   8.098 26.058 29.35 1.7 0
VAL 14  O   8.361 25.028 29.975 1.52 10
VAL 14  CB  5.586 26.63 29.451 1.7 1
VAL 14  CG1 6.004 27.637 30.522 1.7 1
VAL 14  CG2 4.528 27.254 28.574 1.7 1
ALA 15  N   8.95 27.078 29.24 1.55 8
ALA 15  CA  10.238 27.123 29.941 1.7 2
ALA 15  C   11.101 25.878 29.733 1.7 0
ALA 15  O   11.717 25.376 30.678 1.52 10
ALA 15  CB  10.026 27.376 31.44 1.7 1
CYS 16  N   11.143 25.372 28.505 1.55 8
CYS 16  CA  11.967 24.206 28.212 1.7 2
CYS 16  C   13.321 24.664 27.614 1.7 0
CYS 16  O   14.163 23.849 27.223 1.52 10
CYS 16  CB  11.222 23.202 27.308 1.7 1
CYS 16  SG  11.115 23.615 25.538 1.8 13
GLY 17  N   13.533 25.981 27.565 1.55 8
GLY 17  CA  14.779 26.524 27.06 1.7 2
GLY 17  C   14.823 26.96 25.607 1.7 0
GLY 17  O   15.871 27.374 25.119 1.52 10
LYS 18  N   13.684 26.953 24.936 1.55 8
LYS 18  CA  13.63 27.348 23.532 1.7 2
LYS 18  C   14.402 28.628 23.228 1.7 0
LYS 18  O   15.291 28.64 22.375 1.52 10
LYS 18  CB  12.176 27.525 23.076 1.7 1
LYS 18  CG  11.417 26.236 22.811 1.7 1
LYS 18  CD  10.054 26.531 22.183 1.7 1
LYS 18  CE  9.156 27.359 23.106 1.7 2
LYS 18  NZ  8.804 26.599 24.328 1.55 7
THR 19  N   14.072 29.695 23.944 1.55 8
THR 19  CA  14.681 31.002 23.738 1.7 2
THR 19  C   16.164 31.071 24.05 1.7 0
THR 19  O   16.963 31.497 23.207 1.52 10
THR 19  CB  13.939 32.077 24.541 1.7 2
THR 19  OG1 12.582 32.184 24.079 1.52 11
THR 19  CG2 14.675 33.407 24.488 1.7 1
CYS 20  N   16.531 30.698 25.273 1.55 8
CYS 20  CA  17.931 30.732 25.664 1.7 2
CYS 20  C   18.79 30.065 24.596 1.7 0
CYS 20  O   19.778 30.64 24.158 1.52 10
CYS 20  CB  18.129 30.09 27.034 1.7 1
CYS 20  SG  17.496 31.13 28.387 1.8 13
LEU 21  N   18.351 28.913 24.101 1.55 8
LEU 21  CA  19.082 28.215 23.048 1.7 2
LEU 21  C   19.324 29.128 21.841 1.7 0
LEU 21  O   20.468 29.35 21.44 1.52 10
LEU 21  CB  18.32 26.967 22.599 1.7 1
LEU 21  CG  18.957 26.23 21.417 1.7 1
LEU 21  CD1 20.332 25.706 21.829 1.7 1
LEU 21  CD2 18.063 25.088 20.952 1.7 1
LEU 22  N   18.255 29.686 21.288 1.55 8
LEU 22  CA  18.363 30.564 20.129 1.7 2
LEU 22  C   19.194 31.83 20.349 1.7 0
LEU 22  O   19.854 32.295 19.425 1.52 10
LEU 22  CB  16.977 30.947 19.607 1.7 1
LEU 22  CG  16.486 30.307 18.298 1.7 1
LEU 22  CD1 16.283 28.822 18.492 1.7 1
LEU 22  CD2 15.173 30.96 17.856 1.7 1
ILE 23  N   19.139 32.401 21.551 1.55 8
ILE 23  CA  19.903 33.62 21.844 1.7 2
ILE 23  C   21.389 33.299 21.974 1.7 0
ILE 23  O   22.241 34.025 21.457 1.52 10
ILE 23  CB  19.446 34.319 23.153 1.7 1
ILE 23  CG1 17.968 34.712 23.069 1.7 1
ILE 23  CG2 20.293 35.578 23.396 1.7 1
ILE 23  CD1 17.681 35.759 22.021 1.7 1
VAL 24  N   21.695 32.219 22.688 1.55 8
VAL 24  CA  23.071 31.795 22.873 1.7 2
VAL 24  C   23.701 31.64 21.503 1.7 0
VAL 24  O   24.638 32.359 21.165 1.52 10
VAL 24  CB  23.15 30.462 23.653 1.7 1
VAL 24  CG1 24.553 29.881 23.61 1.7 1
VAL 24  CG2 22.752 30.698 25.088 1.7 1
PHE 25  N   23.107 30.792 20.673 1.55 8
PHE 25  CA  23.625 30.547 19.34 1.7 2
PHE 25  C   23.842 31.776 18.467 1.7 0
PHE 25  O   24.81 31.817 17.733 1.52 10
PHE 25  CB  22.746 29.528 18.603 1.7 1
PHE 25  CG  23.116 29.339 17.157 1.7 3
PHE 25  CD1 24.301 28.709 16.804 1.7 3
PHE 25  CD2 22.289 29.821 16.149 1.7 3
PHE 25  CE1 24.658 28.564 15.474 1.7 3
PHE 25  CE2 22.639 29.68 14.814 1.7 3
PHE 25  CZ  23.825 29.051 14.475 1.7 3
SER 26  N   22.993 32.794 18.559 1.55 8
SER 26  CA  23.148 33.963 17.695 1.7 2
SER 26  C   23.642 35.268 18.335 1.7 0
SER 26  O   23.77 36.291 17.648 1.52 10
SER 26  CB  21.826 34.225 16.952 1.7 2
SER 26  OG  20.748 34.467 17.852 1.52 11
LYS 27  N   23.91 35.243 19.637 1.55 8
LYS 27  CA  24.354 36.445 20.341 1.7 2
LYS 27  C   25.394 36.121 21.405 1.7 0
LYS 27  O   25.887 37.012 22.094 1.52 10
LYS 27  CB  23.159 37.135 21.022 1.7 1
LYS 27  CG  22.044 37.629 20.102 1.7 1
LYS 27  CD  22.368 38.972 19.455 1.7 1
LYS 27  CE  21.211 39.463 18.582 1.7 2
LYS 27  NZ  20.907 38.559 17.432 1.55 7
ASP 28  N   25.66 34.834 21.598 1.55 8
ASP 28  CA  26.63 34.361 22.581 1.7 2
ASP 28  C   26.309 34.655 24.043 1.7 0
ASP 28  O   26.957 34.117 24.948 1.52 10
ASP 28  CB  28.043 34.842 22.242 1.7 1
ASP 28  CG  28.936 33.714 21.789 1.7 0
ASP 28  OD1 28.742 33.226 20.657 1.52 12
ASP 28  OD2 29.817 33.298 22.575 1.52 12
GLN 29  N   25.293 35.472 24.283 1.55 8
GLN 29  CA  24.912 35.794 25.651 1.7 2
GLN 29  C   23.766 34.902 26.126 1.7 0
GLN 29  O   22.941 34.45 25.322 1.52 10
GLN 29  CB  24.559 37.282 25.776 1.7 1
GLN 29  CG  23.704 37.839 24.641 1.7 1
GLN 29  CD  23.475 39.336 24.762 1.7 0
GLN 29  OE1 24.423 40.11 24.913 1.52 10
GLN 29  NE2 22.212 39.753 24.711 1.55 8
PHE 30  N   23.75 34.623 27.427 1.55 8
PHE 30  CA  22.723 33.788 28.048 1.7 2
PHE 30  C   21.785 34.702 28.826 1.7 0
PHE 30  O   22.154 35.213 29.88 1.52 10
PHE 30  CB  23.386 32.797 29.007 1.7 1
PHE 30  CG  22.462 31.726 29.522 1.7 3
PHE 30  CD1 22.065 30.674 28.705 1.7 3
PHE 30  CD2 22.028 31.744 30.844 1.7 3
PHE 30  CE1 21.249 29.646 29.196 1.7 3
PHE 30  CE2 21.21 30.719 31.345 1.7 3
PHE 30  CZ  20.821 29.672 30.519 1.7 3
PRO 31  N   20.567 34.93 28.3 1.55 6
PRO 31  CA  19.542 35.785 28.909 1.7 2
PRO 31  C   19.437 35.653 30.423 1.7 0
PRO 31  O   19.338 34.547 30.962 1.52 10
PRO 31  CB  18.278 35.323 28.205 1.7 1
PRO 31  CG  18.775 35.059 26.828 1.7 1
PRO 31  CD  20.04 34.286 27.085 1.7 2
GLU 32  N   19.453 36.801 31.092 1.55 8
GLU 32  CA  19.389 36.89 32.554 1.7 2
GLU 32  C   17.987 36.686 33.136 1.7 0
GLU 32  O   17.799 35.929 34.091 1.52 10
GLU 32  CB  19.936 38.246 33.019 1.7 1
GLU 32  CG  21.44 38.428 32.847 1.7 1
GLU 32  CD  22.248 37.543 33.786 1.7 0
GLU 32  OE1 21.966 37.545 35.003 1.52 12
GLU 32  OE2 23.175 36.854 33.307 1.52 12
VAL 33  N   17.014 37.421 32.601 1.55 8
VAL 33  CA  15.636 37.317 33.071 1.7 2
VAL 33  C   14.747 36.507 32.134 1.7 0
VAL 33  O   14.711 36.753 30.927 1.52 10
VAL 33  CB  14.99 38.712 33.304 1.7 1
VAL 33  CG1 15.429 39.274 34.647 1.7 1
VAL 33  CG2 15.358 39.681 32.17 1.7 1
TYR 34  N   14.049 35.526 32.694 1.55 8
TYR 34  CA  13.148 34.691 31.913 1.7 2
TYR 34  C   11.821 35.411 31.669 1.7 0
TYR 34  O   11.101 35.75 32.61 1.52 10
TYR 34  CB  12.903 33.361 32.634 1.7 1
TYR 34  CG  11.638 32.632 32.218 1.7 3
TYR 34  CD1 11.292 32.489 30.87 1.7 3
TYR 34  CD2 10.781 32.094 33.176 1.7 3
TYR 34  CE1 10.123 31.834 30.49 1.7 3
TYR 34  CE2 9.612 31.435 32.809 1.7 3
TYR 34  CZ  9.286 31.306 31.463 1.7 4
TYR 34  OH  8.125 30.655 31.087 1.52 11
VAL 35  N   11.527 35.671 30.399 1.55 8
VAL 35  CA  10.275 36.307 30.018 1.7 2
VAL 35  C   9.606 35.409 28.985 1.7 0
VAL 35  O   10.235 35.004 27.997 1.52 10
VAL 35  CB  10.48 37.74 29.436 1.7 1
VAL 35  CG1 11.243 38.596 30.425 1.7 1
VAL 35  CG2 11.185 37.706 28.083 1.7 1
PRO 36  N   8.374 34.953 29.266 1.55 6
PRO 36  CA  7.673 34.09 28.312 1.7 2
PRO 36  C   7.547 34.782 26.952 1.7 0
PRO 36  O   7.385 36.004 26.875 1.52 10
PRO 36  CB  6.329 33.875 28.992 1.7 1
PRO 36  CG  6.722 33.804 30.439 1.7 1
PRO 36  CD  7.663 34.987 30.556 1.7 2
THR 37  N   7.713 34.004 25.893 1.55 8
THR 37  CA  7.663 34.51 24.532 1.7 2
THR 37  C   6.272 34.527 23.893 1.7 0
THR 37  O   5.495 33.593 24.065 1.52 10
THR 37  CB  8.614 33.673 23.628 1.7 2
THR 37  OG1 9.886 33.471 24.28 1.52 11
THR 37  CG2 8.767 34.328 22.265 1.7 1
VAL 38  N   5.979 35.609 23.177 1.55 8
VAL 38  CA  4.724 35.739 22.442 1.7 2
VAL 38  C   5.141 35.297 21.034 1.7 0
VAL 38  O   4.543 34.406 20.439 1.52 10
VAL 38  CB  4.197 37.21 22.439 1.7 1
VAL 38  CG1 2.896 37.313 21.653 1.7 1
VAL 38  CG2 3.972 37.696 23.864 1.7 1
PHE 39  N   6.203 35.923 20.535 1.55 8
PHE 39  CA  6.815 35.617 19.239 1.7 2
PHE 39  C   8.028 36.529 19.074 1.7 0
PHE 39  O   8.106 37.576 19.728 1.52 10
PHE 39  CB  5.834 35.742 18.058 1.7 1
PHE 39  CG  5.437 37.15 17.724 1.7 3
PHE 39  CD1 4.494 37.824 18.494 1.7 3
PHE 39  CD2 5.976 37.788 16.606 1.7 3
PHE 39  CE1 4.09 39.116 18.163 1.7 3
PHE 39  CE2 5.582 39.083 16.265 1.7 3
PHE 39  CZ  4.633 39.747 17.042 1.7 3
GLU 40  N   9.0 36.078 18.281 1.55 8
GLU 40  CA  10.241 36.821 18.029 1.7 2
GLU 40  C   10.967 36.289 16.798 1.7 0
GLU 40  O   10.703 35.181 16.333 1.52 10
GLU 40  CB  11.184 36.737 19.236 1.7 1
GLU 40  CG  11.126 37.937 20.175 1.7 1
GLU 40  CD  11.604 39.231 19.53 1.7 0
GLU 40  OE1 12.007 39.215 18.341 1.52 12
GLU 40  OE2 11.573 40.272 20.225 1.52 12
ASN 41  N   11.86 37.104 16.246 1.55 8
ASN 41  CA  12.626 36.714 15.072 1.7 2
ASN 41  C   14.106 37.023 15.241 1.7 0
ASN 41  O   14.477 38.018 15.863 1.52 10
ASN 41  CB  12.089 37.41 13.829 1.7 1
ASN 41  CG  11.008 36.609 13.15 1.7 0
ASN 41  OD1 11.211 36.082 12.056 1.52 10
ASN 41  ND2 9.855 36.501 13.796 1.55 8
TYR 42  N   14.945 36.156 14.69 1.55 8
TYR 42  CA  16.389 36.333 14.776 1.7 2
TYR 42  C   17.059 35.872 13.499 1.7 0
TYR 42  O   16.449 35.191 12.665 1.52 10
TYR 42  CB  16.967 35.52 15.936 1.7 1
TYR 42  CG  16.385 35.852 17.283 1.7 3
TYR 42  CD1 16.688 37.049 17.925 1.7 3
TYR 42  CD2 15.54 34.954 17.926 1.7 3
TYR 42  CE1 16.162 37.342 19.173 1.7 3
TYR 42  CE2 15.009 35.237 19.174 1.7 3
TYR 42  CZ  15.325 36.428 19.791 1.7 4
TYR 42  OH  14.803 36.697 21.034 1.52 11
VAL 43  N   18.32 36.255 13.346 1.55 8
VAL 43  CA  19.105 35.861 12.188 1.7 2
VAL 43  C   20.518 35.518 12.672 1.7 0
VAL 43  O   20.949 35.972 13.744 1.52 10
VAL 43  CB  19.135 36.971 11.097 1.7 1
VAL 43  CG1 20.034 38.128 11.519 1.7 1
VAL 43  CG2 19.558 36.39 9.758 1.7 1
ALA 44  N   21.183 34.645 11.918 1.55 8
ALA 44  CA  22.538 34.202 12.213 1.7 2
ALA 44  C   23.065 33.515 10.958 1.7 0
ALA 44  O   22.28 33.024 10.138 1.52 10
ALA 44  CB  22.543 33.232 13.393 1.7 1
ASP 45  N   24.385 33.506 10.798 1.55 8
ASP 45  CA  25.024 32.886 9.643 1.7 2
ASP 45  C   25.727 31.603 10.056 1.7 0
ASP 45  O   26.094 31.429 11.218 1.52 10
ASP 45  CB  26.029 33.844 9.004 1.7 1
ASP 45  CG  25.363 35.065 8.415 1.7 0
ASP 45  OD1 24.793 34.953 7.309 1.52 12
ASP 45  OD2 25.406 36.133 9.064 1.52 12
ILE 46  N   25.914 30.702 9.101 1.55 8
ILE 46  CA  26.564 29.447 9.404 1.7 2
ILE 46  C   27.144 28.811 8.155 1.7 0
ILE 46  O   26.585 28.927 7.061 1.52 10
ILE 46  CB  25.577 28.463 10.084 1.7 1
ILE 46  CG1 26.319 27.227 10.597 1.7 1
ILE 46  CG2 24.472 28.053 9.114 1.7 1
ILE 46  CD1 25.43 26.21 11.265 1.7 1
GLU 47  N   28.296 28.179 8.327 1.55 8
GLU 47  CA  28.967 27.478 7.248 1.7 2
GLU 47  C   28.953 25.997 7.598 1.7 0
GLU 47  O   29.332 25.604 8.701 1.52 10
GLU 47  CB  30.415 27.948 7.092 1.7 1
GLU 47  CG  30.579 29.392 6.639 1.7 1
GLU 47  CD  32.035 29.765 6.436 1.7 0
GLU 47  OE1 32.653 29.253 5.476 1.52 12
GLU 47  OE2 32.558 30.563 7.245 1.52 12
VAL 48  N   28.43 25.189 6.688 1.55 8
VAL 48  CA  28.377 23.75 6.892 1.7 2
VAL 48  C   28.71 23.128 5.545 1.7 0
VAL 48  O   28.175 23.546 4.515 1.52 10
VAL 48  CB  26.974 23.273 7.332 1.7 1
VAL 48  CG1 27.023 21.808 7.719 1.7 1
VAL 48  CG2 26.465 24.103 8.492 1.7 1
ASP 49  N   29.669 22.21 5.549 1.55 8
ASP 49  CA  30.094 21.516 4.336 1.7 2
ASP 49  C   30.457 22.492 3.214 1.7 0
ASP 49  O   30.191 22.247 2.032 1.52 10
ASP 49  CB  29.005 20.533 3.886 1.7 1
ASP 49  CG  28.565 19.596 4.998 1.7 0
ASP 49  OD1 29.15 19.651 6.108 1.52 12
ASP 49  OD2 27.622 18.806 4.776 1.52 12
GLY 50  N   31.06 23.615 3.602 1.55 8
GLY 50  CA  31.477 24.621 2.642 1.7 2
GLY 50  C   30.437 25.667 2.288 1.7 0
GLY 50  O   30.786 26.778 1.889 1.52 10
LYS 51  N   29.16 25.312 2.421 1.55 8
LYS 51  CA  28.058 26.221 2.106 1.7 2
LYS 51  C   27.864 27.357 3.115 1.7 0
LYS 51  O   28.033 27.167 4.321 1.52 10
LYS 51  CB  26.74 25.441 1.985 1.7 1
LYS 51  CG  26.551 24.633 0.702 1.7 1
LYS 51  CD  27.466 23.419 0.627 1.7 1
LYS 51  CE  27.044 22.474 -0.494 1.7 2
LYS 51  NZ  26.974 23.147 -1.828 1.55 7
GLN 52  N   27.508 28.534 2.601 1.55 8
GLN 52  CA  27.237 29.709 3.428 1.7 2
GLN 52  C   25.712 29.834 3.495 1.7 0
GLN 52  O   25.048 29.95 2.454 1.52 10
GLN 52  CB  27.857 30.964 2.8 1.7 1
GLN 52  CG  27.403 32.298 3.414 1.7 1
GLN 52  CD  27.81 32.493 4.871 1.7 0
GLN 52  OE1 27.682 31.584 5.7 1.52 10
GLN 52  NE2 28.285 33.692 5.196 1.55 8
VAL 53  N   25.158 29.798 4.707 1.55 8
VAL 53  CA  23.71 29.868 4.886 1.7 2
VAL 53  C   23.214 30.886 5.92 1.7 0
VAL 53  O   23.623 30.856 7.083 1.52 10
VAL 53  CB  23.135 28.471 5.268 1.7 1
VAL 53  CG1 21.622 28.534 5.399 1.7 1
VAL 53  CG2 23.527 27.424 4.235 1.7 1
GLU 54  N   22.321 31.771 5.478 1.55 8
GLU 54  CA  21.713 32.775 6.351 1.7 2
GLU 54  C   20.516 32.067 6.989 1.7 0
GLU 54  O   19.715 31.439 6.294 1.52 10
GLU 54  CB  21.234 33.99 5.546 1.7 1
GLU 54  CG  22.326 34.742 4.759 1.7 1
GLU 54  CD  22.698 34.085 3.425 1.7 0
GLU 54  OE1 21.792 33.599 2.704 1.52 12
GLU 54  OE2 23.901 34.07 3.08 1.52 12
LEU 55  N   20.376 32.19 8.299 1.55 8
LEU 55  CA  19.295 31.504 9.001 1.7 2
LEU 55  C   18.251 32.398 9.662 1.7 0
LEU 55  O   18.59 33.336 10.381 1.52 10
LEU 55  CB  19.898 30.557 10.044 1.7 1
LEU 55  CG  19.605 29.064 9.877 1.7 1
LEU 55  CD1 19.785 28.642 8.427 1.7 1
LEU 55  CD2 20.509 28.26 10.802 1.7 1
ALA 56  N   16.978 32.088 9.408 1.55 8
ALA 56  CA  15.853 32.821 9.995 1.7 2
ALA 56  C   15.377 32.021 11.21 1.7 0
ALA 56  O   14.884 30.897 11.077 1.52 10
ALA 56  CB  14.73 32.959 8.978 1.7 1
LEU 57  N   15.546 32.592 12.397 1.55 8
LEU 57  CA  15.167 31.912 13.633 1.7 2
LEU 57  C   13.868 32.454 14.217 1.7 0
LEU 57  O   13.868 33.479 14.903 1.52 10
LEU 57  CB  16.296 32.034 14.666 1.7 1
LEU 57  CG  17.738 31.72 14.233 1.7 1
LEU 57  CD1 18.689 32.009 15.38 1.7 1
LEU 57  CD2 17.872 30.277 13.782 1.7 1
TRP 58  N   12.768 31.764 13.932 1.55 8
TRP 58  CA  11.457 32.165 14.432 1.7 2
TRP 58  C   11.174 31.505 15.768 1.7 0
TRP 58  O   11.042 30.276 15.862 1.52 10
TRP 58  CB  10.356 31.811 13.435 1.7 1
TRP 58  CG  10.465 32.52 12.119 1.7 3
TRP 58  CD1 11.556 32.561 11.296 1.7 4
TRP 58  CD2 9.427 33.233 11.441 1.7 3
TRP 58  NE1 11.258 33.248 10.146 1.55 8
TRP 58  CE2 9.954 33.676 10.208 1.7 4
TRP 58  CE3 8.098 33.541 11.753 1.7 3
TRP 58  CZ2 9.204 34.404 9.289 1.7 3
TRP 58  CZ3 7.347 34.263 10.834 1.7 3
TRP 58  CH2 7.906 34.691 9.617 1.7 3
ASP 59  N   11.118 32.334 16.801 1.55 8
ASP 59  CA  10.852 31.893 18.16 1.7 2
ASP 59  C   9.331 31.854 18.383 1.7 0
ASP 59  O   8.598 32.671 17.81 1.52 10
ASP 59  CB  11.498 32.877 19.141 1.7 1
ASP 59  CG  11.595 32.327 20.551 1.7 0
ASP 59  OD1 11.131 31.189 20.777 1.52 12
ASP 59  OD2 12.152 33.007 21.446 1.52 12
THR 60  N   8.859 30.865 19.141 1.55 8
THR 60  CA  7.433 30.746 19.419 1.7 2
THR 60  C   7.14 30.588 20.902 1.7 0
THR 60  O   8.036 30.348 21.717 1.52 10
THR 60  CB  6.767 29.561 18.679 1.7 2
THR 60  OG1 6.995 28.342 19.401 1.52 11
THR 60  CG2 7.274 29.43 17.24 1.7 1
ALA 61  N   5.856 30.657 21.237 1.55 8
ALA 61  CA  5.397 30.533 22.608 1.7 2
ALA 61  C   4.978 29.1 22.886 1.7 0
ALA 61  O   4.454 28.407 21.998 1.52 10
ALA 61  CB  4.232 31.452 22.845 1.7 1
GLY 62  N   5.246 28.659 24.109 1.55 8
GLY 62  CA  4.868 27.318 24.513 1.7 2
GLY 62  C   3.588 27.348 25.327 1.7 0
GLY 62  O   3.069 26.301 25.706 1.52 10
GLN 63  N   3.101 28.55 25.63 1.55 8
GLN 63  CA  1.878 28.707 26.405 1.7 2
GLN 63  C   0.611 28.404 25.628 1.7 0
GLN 63  O   0.525 28.672 24.426 1.52 10
GLN 63  CB  1.789 30.109 26.995 1.7 1
GLN 63  CG  2.632 30.29 28.236 1.7 1
GLN 63  CD  2.476 31.663 28.841 1.7 0
GLN 63  OE1 2.556 32.677 28.144 1.52 10
GLN 63  NE2 2.265 31.708 30.147 1.55 8
GLU 64  N   -0.375 27.862 26.341 1.55 8
GLU 64  CA  -1.679 27.51 25.776 1.7 2
GLU 64  C   -2.349 28.737 25.183 1.7 0
GLU 64  O   -2.827 28.727 24.038 1.52 10
GLU 64  CB  -2.584 26.95 26.877 1.7 1
GLU 64  CG  -2.166 25.599 27.423 1.7 1
GLU 64  CD  -2.604 24.441 26.541 1.7 0
GLU 64  OE1 -2.434 24.507 25.301 1.52 12
GLU 64  OE2 -3.117 23.447 27.1 1.52 12
ASP 65  N   -2.32 29.817 25.96 1.55 8
ASP 65  CA  -2.923 31.089 25.592 1.7 2
ASP 65  C   -2.575 31.553 24.187 1.7 0
ASP 65  O   -3.268 32.407 23.625 1.52 10
ASP 65  CB  -2.5 32.197 26.573 1.7 1
ASP 65  CG  -2.569 31.765 28.023 1.7 0
ASP 65  OD1 -3.649 31.332 28.472 1.52 12
ASP 65  OD2 -1.532 31.849 28.714 1.52 12
TYR 66  N   -1.501 31.017 23.612 1.55 8
TYR 66  CA  -1.088 31.464 22.296 1.7 2
TYR 66  C   -1.265 30.492 21.14 1.7 0
TYR 66  O   -0.863 30.786 20.007 1.52 10
TYR 66  CB  0.349 31.988 22.372 1.7 1
TYR 66  CG  0.522 33.088 23.405 1.7 3
TYR 66  CD1 0.312 34.431 23.074 1.7 3
TYR 66  CD2 0.85 32.787 24.725 1.7 3
TYR 66  CE1 0.43 35.444 24.029 1.7 3
TYR 66  CE2 0.966 33.791 25.691 1.7 3
TYR 66  CZ  0.753 35.116 25.339 1.7 4
TYR 66  OH  0.833 36.099 26.307 1.52 11
ASP 67  N   -1.943 29.378 21.407 1.55 8
ASP 67  CA  -2.183 28.354 20.394 1.7 2
ASP 67  C   -2.693 28.895 19.048 1.7 0
ASP 67  O   -2.359 28.358 17.988 1.52 10
ASP 67  CB  -3.159 27.303 20.937 1.7 1
ASP 67  CG  -2.524 26.386 21.983 1.7 0
ASP 67  OD1 -1.451 26.712 22.539 1.52 12
ASP 67  OD2 -3.069 25.293 22.228 1.52 12
ARG 68  N   -3.472 29.97 19.09 1.55 8
ARG 68  CA  -4.031 30.553 17.873 1.7 2
ARG 68  C   -3.054 31.322 16.993 1.7 0
ARG 68  O   -3.207 31.331 15.77 1.52 10
ARG 68  CB  -5.218 31.458 18.204 1.7 1
ARG 68  CG  -6.579 30.859 17.866 1.7 1
ARG 68  CD  -7.03 29.797 18.879 1.7 2
ARG 68  NE  -7.08 30.345 20.235 1.55 6
ARG 68  CZ  -8.053 31.111 20.721 1.7 2
ARG 68  NH1 -9.084 31.448 19.976 1.55 7
ARG 68  NH2 -7.982 31.597 21.933 1.55 7
LEU 69  N   -2.086 32.004 17.602 1.55 8
LEU 69  CA  -1.128 32.782 16.822 1.7 2
LEU 69  C   0.114 32.017 16.393 1.7 0
LEU 69  O   0.716 32.339 15.366 1.52 10
LEU 69  CB  -0.723 34.068 17.539 1.7 1
LEU 69  CG  -0.127 33.968 18.936 1.7 1
LEU 69  CD1 0.849 35.12 19.16 1.7 1
LEU 69  CD2 -1.251 33.985 19.955 1.7 1
ARG 70  N   0.493 31.011 17.166 1.55 8
ARG 70  CA  1.663 30.203 16.843 1.7 2
ARG 70  C   1.668 29.681 15.397 1.7 0
ARG 70  O   2.698 29.716 14.732 1.52 10
ARG 70  CB  1.79 29.059 17.852 1.7 1
ARG 70  CG  2.911 28.084 17.617 1.7 1
ARG 70  CD  3.159 27.284 18.884 1.7 2
ARG 70  NE  2.016 26.467 19.262 1.55 6
ARG 70  CZ  1.314 26.611 20.384 1.7 2
ARG 70  NH1 1.618 27.547 21.266 1.55 7
ARG 70  NH2 0.329 25.764 20.632 1.55 7
PRO 71  N   0.504 29.225 14.88 1.55 6
PRO 71  CA  0.42 28.708 13.509 1.7 2
PRO 71  C   0.688 29.714 12.39 1.7 0
PRO 71  O   0.675 29.354 11.214 1.52 10
PRO 71  CB  -1.009 28.183 13.433 1.7 1
PRO 71  CG  -1.276 27.743 14.836 1.7 1
PRO 71  CD  -0.73 28.897 15.619 1.7 2
LEU 72  N   0.917 30.97 12.751 1.55 8
LEU 72  CA  1.184 32.006 11.758 1.7 2
LEU 72  C   2.649 32.057 11.318 1.7 0
LEU 72  O   2.992 32.696 10.322 1.52 10
LEU 72  CB  0.749 33.368 12.29 1.7 1
LEU 72  CG  -0.768 33.476 12.452 1.7 1
LEU 72  CD1 -1.14 34.763 13.179 1.7 1
LEU 72  CD2 -1.428 33.398 11.078 1.7 1
SER 73  N   3.505 31.353 12.049 1.55 8
SER 73  CA  4.922 31.329 11.725 1.7 2
SER 73  C   5.292 30.122 10.862 1.7 0
SER 73  O   6.287 30.158 10.124 1.52 10
SER 73  CB  5.738 31.365 13.016 1.7 2
SER 73  OG  5.207 30.461 13.959 1.52 11
TYR 74  N   4.433 29.107 10.864 1.55 8
TYR 74  CA  4.656 27.885 10.082 1.7 2
TYR 74  C   4.698 27.973 8.536 1.7 0
TYR 74  O   5.311 27.118 7.897 1.52 10
TYR 74  CB  3.65 26.796 10.473 1.7 1
TYR 74  CG  3.66 26.381 11.931 1.7 3
TYR 74  CD1 4.854 26.213 12.631 1.7 3
TYR 74  CD2 2.468 26.133 12.604 1.7 3
TYR 74  CE1 4.853 25.811 13.973 1.7 3
TYR 74  CE2 2.456 25.73 13.938 1.7 3
TYR 74  CZ  3.649 25.566 14.616 1.7 4
TYR 74  OH  3.636 25.153 15.931 1.52 11
PRO 75  N   4.046 28.981 7.917 1.55 6
PRO 75  CA  4.018 29.148 6.46 1.7 2
PRO 75  C   5.106 28.548 5.566 1.7 0
PRO 75  O   4.874 27.503 4.959 1.52 10
PRO 75  CB  3.911 30.652 6.318 1.7 1
PRO 75  CG  2.888 30.954 7.357 1.7 1
PRO 75  CD  3.244 30.052 8.538 1.7 2
ASP 76  N   6.275 29.179 5.474 1.55 8
ASP 76  CA  7.339 28.663 4.597 1.7 2
ASP 76  C   8.564 28.108 5.337 1.7 0
ASP 76  O   9.707 28.443 5.023 1.52 10
ASP 76  CB  7.78 29.746 3.587 1.7 1
ASP 76  CG  6.684 30.124 2.598 1.7 0
ASP 76  OD1 6.318 29.286 1.746 1.52 12
ASP 76  OD2 6.199 31.274 2.667 1.52 12
THR 77  N   8.32 27.262 6.333 1.55 8
THR 77  CA  9.38 26.668 7.136 1.7 2
THR 77  C   10.193 25.583 6.422 1.7 0
THR 77  O   9.627 24.692 5.785 1.52 10
THR 77  CB  8.793 26.128 8.458 1.7 2
THR 77  OG1 8.465 27.235 9.309 1.52 11
THR 77  CG2 9.769 25.215 9.171 1.7 1
ASP 78  N   11.519 25.64 6.578 1.55 8
ASP 78  CA  12.426 24.669 5.957 1.7 2
ASP 78  C   12.809 23.537 6.911 1.7 0
ASP 78  O   12.963 22.385 6.491 1.52 10
ASP 78  CB  13.691 25.354 5.421 1.7 1
ASP 78  CG  13.4 26.309 4.276 1.7 0
ASP 78  OD1 13.183 25.832 3.137 1.52 12
ASP 78  OD2 13.409 27.536 4.513 1.52 12
VAL 79  N   12.963 23.85 8.191 1.55 8
VAL 79  CA  13.296 22.823 9.176 1.7 2
VAL 79  C   12.729 23.234 10.534 1.7 0
VAL 79  O   12.546 24.429 10.8 1.52 10
VAL 79  CB  14.833 22.587 9.255 1.7 1
VAL 79  CG1 15.556 23.85 9.684 1.7 1
VAL 79  CG2 15.153 21.437 10.198 1.7 1
ILE 80  N   12.442 22.254 11.387 1.55 8
ILE 80  CA  11.863 22.509 12.706 1.7 2
ILE 80  C   12.635 21.805 13.811 1.7 0
ILE 80  O   13.024 20.647 13.659 1.52 10
ILE 80  CB  10.376 22.003 12.752 1.7 1
ILE 80  CG1 9.49 22.885 11.873 1.7 1
ILE 80  CG2 9.833 21.961 14.198 1.7 1
ILE 80  CD1 8.089 22.36 11.706 1.7 1
LEU 81  N   12.839 22.502 14.925 1.55 8
LEU 81  CA  13.527 21.948 16.093 1.7 2
LEU 81  C   12.469 21.739 17.177 1.7 0
LEU 81  O   11.989 22.708 17.773 1.52 10
LEU 81  CB  14.584 22.933 16.62 1.7 1
LEU 81  CG  15.808 23.274 15.765 1.7 1
LEU 81  CD1 16.603 24.39 16.427 1.7 1
LEU 81  CD2 16.671 22.038 15.574 1.7 1
MET 82  N   12.071 20.49 17.402 1.55 8
MET 82  CA  11.054 20.165 18.403 1.7 2
MET 82  C   11.76 19.856 19.713 1.7 0
MET 82  O   12.324 18.783 19.868 1.52 10
MET 82  CB  10.26 18.947 17.93 1.7 1
MET 82  CG  8.763 18.981 18.224 1.7 1
MET 82  SD  7.921 17.456 17.717 1.8 13
MET 82  CE  7.613 17.799 15.942 1.7 1
CYS 83  N   11.718 20.791 20.654 1.55 8
CYS 83  CA  12.404 20.636 21.936 1.7 2
CYS 83  C   11.611 20.184 23.155 1.7 0
CYS 83  O   10.402 20.401 23.264 1.52 10
CYS 83  CB  13.086 21.955 22.317 1.7 1
CYS 83  SG  13.903 22.835 20.981 1.8 13
PHE 84  N   12.361 19.647 24.113 1.55 8
PHE 84  CA  11.849 19.213 25.408 1.7 2
PHE 84  C   12.957 19.416 26.45 1.7 0
PHE 84  O   14.071 19.813 26.099 1.52 10
PHE 84  CB  11.363 17.77 25.381 1.7 1
PHE 84  CG  12.449 16.75 25.317 1.7 3
PHE 84  CD1 12.909 16.283 24.085 1.7 3
PHE 84  CD2 12.949 16.173 26.489 1.7 3
PHE 84  CE1 13.851 15.248 24.016 1.7 3
PHE 84  CE2 13.891 15.141 26.433 1.7 3
PHE 84  CZ  14.34 14.676 25.19 1.7 3
SER 85  N   12.65 19.178 27.72 1.55 8
SER 85  CA  13.62 19.371 28.794 1.7 2
SER 85  C   14.033 18.076 29.476 1.7 0
SER 85  O   13.209 17.192 29.707 1.52 10
SER 85  CB  13.059 20.333 29.823 1.7 2
SER 85  OG  14.066 20.733 30.721 1.52 11
ILE 86  N   15.306 17.985 29.842 1.55 8
ILE 86  CA  15.823 16.778 30.473 1.7 2
ILE 86  C   15.389 16.609 31.928 1.7 0
ILE 86  O   15.242 15.476 32.403 1.52 10
ILE 86  CB  17.37 16.656 30.272 1.7 1
ILE 86  CG1 17.677 16.562 28.772 1.7 1
ILE 86  CG2 17.908 15.394 30.922 1.7 1
ILE 86  CD1 19.088 16.148 28.452 1.7 1
ASP 87  N   15.137 17.719 32.617 1.55 8
ASP 87  CA  14.694 17.654 34.01 1.7 2
ASP 87  C   13.196 17.388 34.112 1.7 0
ASP 87  O   12.712 16.974 35.16 1.52 10
ASP 87  CB  15.035 18.936 34.787 1.7 1
ASP 87  CG  14.358 20.181 34.227 1.7 0
ASP 87  OD1 13.729 20.124 33.149 1.52 12
ASP 87  OD2 14.478 21.248 34.86 1.52 12
SER 88  N   12.478 17.594 33.011 1.55 8
SER 88  CA  11.031 17.394 32.99 1.7 2
SER 88  C   10.585 16.293 32.036 1.7 0
SER 88  O   10.404 16.542 30.843 1.52 10
SER 88  CB  10.317 18.692 32.618 1.7 2
SER 88  OG  8.923 18.48 32.455 1.52 11
PRO 89  N   10.359 15.073 32.559 1.55 6
PRO 89  CA  9.919 13.906 31.786 1.7 2
PRO 89  C   8.559 14.108 31.102 1.7 0
PRO 89  O   8.278 13.492 30.065 1.52 10
PRO 89  CB  9.829 12.813 32.848 1.7 1
PRO 89  CG  10.882 13.192 33.812 1.7 1
PRO 89  CD  10.672 14.683 33.944 1.7 2
ASP 90  N   7.714 14.958 31.67 1.55 8
ASP 90  CA  6.414 15.187 31.065 1.7 2
ASP 90  C   6.532 15.895 29.723 1.7 0
ASP 90  O   5.822 15.546 28.776 1.52 10
ASP 90  CB  5.482 15.957 31.995 1.7 1
ASP 90  CG  4.056 15.998 31.464 1.7 0
ASP 90  OD1 3.45 14.911 31.342 1.52 12
ASP 90  OD2 3.553 17.107 31.158 1.52 12
SER 91  N   7.467 16.839 29.612 1.55 8
SER 91  CA  7.671 17.578 28.362 1.7 2
SER 91  C   8.079 16.644 27.212 1.7 0
SER 91  O   7.962 16.978 26.03 1.52 10
SER 91  CB  8.696 18.707 28.545 1.7 2
SER 91  OG  9.891 18.267 29.167 1.52 11
LEU 92  N   8.555 15.458 27.576 1.55 8
LEU 92  CA  8.934 14.474 26.574 1.7 2
LEU 92  C   7.647 13.728 26.196 1.7 0
LEU 92  O   7.423 13.422 25.025 1.52 10
LEU 92  CB  10.014 13.527 27.127 1.7 1
LEU 92  CG  10.65 12.44 26.244 1.7 1
LEU 92  CD1 9.843 11.162 26.32 1.7 1
LEU 92  CD2 10.819 12.905 24.802 1.7 1
GLU 93  N   6.777 13.496 27.181 1.55 8
GLU 93  CA  5.508 12.815 26.928 1.7 2
GLU 93  C   4.625 13.626 25.991 1.7 0
GLU 93  O   4.031 13.074 25.064 1.52 10
GLU 93  CB  4.746 12.539 28.226 1.7 1
GLU 93  CG  5.002 11.171 28.829 1.7 1
GLU 93  CD  4.669 10.025 27.884 1.7 0
GLU 93  OE1 3.944 10.244 26.88 1.52 12
GLU 93  OE2 5.14 8.895 28.158 1.52 12
ASN 94  N   4.645 14.948 26.163 1.55 8
ASN 94  CA  3.83 15.838 25.334 1.7 2
ASN 94  C   4.383 15.997 23.919 1.7 0
ASN 94  O   3.919 16.845 23.148 1.52 10
ASN 94  CB  3.693 17.221 25.99 1.7 1
ASN 94  CG  2.981 17.182 27.346 1.7 0
ASN 94  OD1 2.239 16.244 27.657 1.52 10
ASN 94  ND2 3.218 18.202 28.164 1.55 8
ILE 95  N   5.39 15.216 23.555 1.55 8
ILE 95  CA  5.92 15.358 22.21 1.7 2
ILE 95  C   4.934 14.751 21.221 1.7 0
ILE 95  O   4.464 15.447 20.316 1.52 10
ILE 95  CB  7.367 14.803 22.063 1.7 1
ILE 95  CG1 8.337 15.656 22.895 1.7 1
ILE 95  CG2 7.801 14.849 20.597 1.7 1
ILE 95  CD1 8.458 17.119 22.412 1.7 1
PRO 96  N   4.565 13.468 21.403 1.55 6
PRO 96  CA  3.605 12.878 20.462 1.7 2
PRO 96  C   2.168 13.379 20.714 1.7 0
PRO 96  O   1.356 13.429 19.782 1.52 10
PRO 96  CB  3.757 11.381 20.714 1.7 1
PRO 96  CG  4.1 11.318 22.187 1.7 1
PRO 96  CD  5.091 12.444 22.331 1.7 2
GLU 97  N   1.883 13.795 21.951 1.55 8
GLU 97  CA  0.563 14.313 22.331 1.7 2
GLU 97  C   0.167 15.62 21.644 1.7 0
GLU 97  O   -0.777 15.664 20.853 1.52 10
GLU 97  CB  0.485 14.579 23.829 1.7 1
GLU 97  CG  0.463 13.362 24.725 1.7 1
GLU 97  CD  0.343 13.736 26.202 1.7 0
GLU 97  OE1 0.179 14.959 26.522 1.52 12
GLU 97  OE2 0.399 12.807 27.04 1.52 12
LYS 98  N   0.872 16.685 21.99 1.55 8
LYS 98  CA  0.572 18.019 21.473 1.7 2
LYS 98  C   1.377 18.529 20.263 1.7 0
LYS 98  O   0.803 18.871 19.224 1.52 10
LYS 98  CB  0.667 19.019 22.643 1.7 1
LYS 98  CG  0.344 20.476 22.317 1.7 1
LYS 98  CD  0.502 21.382 23.554 1.7 1
LYS 98  CE  0.192 22.861 23.238 1.7 2
LYS 98  NZ  -1.255 23.186 23.131 1.55 7
TRP 99  N   2.703 18.532 20.382 1.55 8
TRP 99  CA  3.58 19.07 19.331 1.7 2
TRP 99  C   3.69 18.302 18.031 1.7 0
TRP 99  O   3.663 18.901 16.949 1.52 10
TRP 99  CB  4.964 19.377 19.906 1.7 1
TRP 99  CG  4.879 20.174 21.18 1.7 3
TRP 99  CD1 5.109 19.721 22.441 1.7 4
TRP 99  CD2 4.488 21.555 21.311 1.7 3
TRP 99  NE1 4.886 20.73 23.36 1.55 8
TRP 99  CE2 4.51 21.864 22.694 1.7 4
TRP 99  CE3 4.133 22.558 20.398 1.7 3
TRP 99  CZ2 4.179 23.134 23.182 1.7 3
TRP 99  CZ3 3.807 23.814 20.881 1.7 3
TRP 99  CH2 3.835 24.096 22.266 1.7 3
THR 100  N   3.799 16.981 18.117 1.55 8
THR 100  CA  3.883 16.186 16.9 1.7 2
THR 100  C   2.647 16.403 16.014 1.7 0
THR 100  O   2.789 16.792 14.854 1.52 10
THR 100  CB  4.025 14.709 17.206 1.7 2
THR 100  OG1 5.141 14.523 18.077 1.52 11
THR 100  CG2 4.246 13.924 15.923 1.7 1
PRO 101  N   1.422 16.216 16.563 1.55 6
PRO 101  CA  0.201 16.409 15.762 1.7 2
PRO 101  C   0.091 17.811 15.161 1.7 0
PRO 101  O   -0.11 17.967 13.95 1.52 10
PRO 101  CB  -0.92 16.155 16.778 1.7 1
PRO 101  CG  -0.305 15.22 17.748 1.7 1
PRO 101  CD  1.062 15.834 17.941 1.7 2
GLU 102  N   0.258 18.827 16.006 1.55 8
GLU 102  CA  0.163 20.223 15.567 1.7 2
GLU 102  C   1.081 20.51 14.396 1.7 0
GLU 102  O   0.649 20.992 13.35 1.52 10
GLU 102  CB  0.475 21.195 16.719 1.7 1
GLU 102  CG  0.512 22.66 16.275 1.7 1
GLU 102  CD  0.576 23.656 17.431 1.7 0
GLU 102  OE1 0.177 23.31 18.569 1.52 12
GLU 102  OE2 1.017 24.803 17.194 1.52 12
VAL 103  N   2.355 20.194 14.577 1.55 8
VAL 103  CA  3.36 20.401 13.544 1.7 2
VAL 103  C   3.107 19.534 12.314 1.7 0
VAL 103  O   3.152 20.026 11.186 1.52 10
VAL 103  CB  4.767 20.138 14.11 1.7 1
VAL 103  CG1 5.752 19.846 12.991 1.7 1
VAL 103  CG2 5.211 21.352 14.913 1.7 1
LYS 104  N   2.801 18.263 12.545 1.55 8
LYS 104  CA  2.551 17.308 11.47 1.7 2
LYS 104  C   1.399 17.748 10.559 1.7 0
LYS 104  O   1.309 17.327 9.401 1.52 10
LYS 104  CB  2.271 15.927 12.062 1.7 1
LYS 104  CG  3.128 14.82 11.47 1.7 1
LYS 104  CD  2.52 14.26 10.189 1.7 1
LYS 104  CE  1.177 13.569 10.453 1.7 2
LYS 104  NZ  0.607 12.941 9.225 1.55 7
HIS 105  N   0.509 18.576 11.094 1.55 8
HIS 105  CA  -0.607 19.067 10.312 1.7 2
HIS 105  C   -0.12 20.242 9.483 1.7 0
HIS 105  O   -0.026 20.148 8.267 1.52 10
HIS 105  CB  -1.761 19.501 11.222 1.7 1
HIS 105  CG  -2.942 20.045 10.484 1.7 3
HIS 105  ND1 -3.272 21.386 10.49 1.55 9
HIS 105  CD2 -3.868 19.435 9.703 1.7 3
HIS 105  CE1 -4.347 21.572 9.747 1.7 3
HIS 105  NE2 -4.732 20.412 9.259 1.55 9
PHE 106  N   0.221 21.337 10.156 1.55 8
PHE 106  CA  0.685 22.557 9.492 1.7 2
PHE 106  C   1.909 22.44 8.58 1.7 0
PHE 106  O   1.991 23.133 7.568 1.52 10
PHE 106  CB  0.952 23.652 10.529 1.7 1
PHE 106  CG  -0.278 24.129 11.24 1.7 3
PHE 106  CD1 -1.063 25.143 10.701 1.7 3
PHE 106  CD2 -0.647 23.58 12.462 1.7 3
PHE 106  CE1 -2.198 25.602 11.364 1.7 3
PHE 106  CE2 -1.784 24.035 13.136 1.7 3
PHE 106  CZ  -2.555 25.049 12.588 1.7 3
CYS 107  N   2.859 21.575 8.939 1.55 8
CYS 107  CA  4.087 21.425 8.161 1.7 2
CYS 107  C   4.51 19.992 7.888 1.7 0
CYS 107  O   5.431 19.47 8.527 1.52 10
CYS 107  CB  5.25 22.15 8.851 1.7 1
CYS 107  SG  5.08 23.933 9.02 1.8 13
PRO 108  N   3.832 19.316 6.95 1.55 6
PRO 108  CA  4.197 17.934 6.632 1.7 2
PRO 108  C   5.343 17.952 5.608 1.7 0
PRO 108  O   5.547 18.958 4.914 1.52 10
PRO 108  CB  2.908 17.381 6.035 1.7 1
PRO 108  CG  2.381 18.571 5.278 1.7 1
PRO 108  CD  2.596 19.715 6.251 1.7 2
ASN 109  N   6.084 16.85 5.519 1.55 8
ASN 109  CA  7.208 16.744 4.581 1.7 2
ASN 109  C   8.353 17.675 4.964 1.7 0
ASN 109  O   9.208 18.0 4.138 1.52 10
ASN 109  CB  6.769 17.065 3.145 1.7 1
ASN 109  CG  5.699 16.124 2.631 1.7 0
ASN 109  OD1 5.852 14.901 2.674 1.52 10
ASN 109  ND2 4.607 16.692 2.132 1.55 8
VAL 110  N   8.351 18.133 6.208 1.55 8
VAL 110  CA  9.394 19.021 6.7 1.7 2
VAL 110  C   10.168 18.311 7.807 1.7 0
VAL 110  O   9.573 17.758 8.738 1.52 10
VAL 110  CB  8.793 20.359 7.178 1.7 1
VAL 110  CG1 9.804 21.176 7.955 1.7 1
VAL 110  CG2 8.325 21.147 5.969 1.7 1
PRO 111  N   11.513 18.258 7.68 1.55 6
PRO 111  CA  12.421 17.611 8.634 1.7 2
PRO 111  C   12.287 18.138 10.056 1.7 0
PRO 111  O   12.175 19.349 10.284 1.52 10
PRO 111  CB  13.796 17.897 8.039 1.7 1
PRO 111  CG  13.597 19.204 7.341 1.7 1
PRO 111  CD  12.282 18.971 6.644 1.7 2
ILE 112  N   12.322 17.21 11.008 1.55 8
ILE 112  CA  12.187 17.524 12.426 1.7 2
ILE 112  C   13.401 17.009 13.206 1.7 0
ILE 112  O   13.75 15.826 13.105 1.52 10
ILE 112  CB  10.924 16.835 13.015 1.7 1
ILE 112  CG1 9.656 17.353 12.329 1.7 1
ILE 112  CG2 10.86 17.022 14.529 1.7 1
ILE 112  CD1 8.399 16.581 12.709 1.7 1
ILE 113  N   14.021 17.888 13.993 1.55 8
ILE 113  CA  15.177 17.514 14.807 1.7 2
ILE 113  C   14.723 17.508 16.268 1.7 0
ILE 113  O   14.39 18.561 16.815 1.52 10
ILE 113  CB  16.337 18.547 14.685 1.7 1
ILE 113  CG1 16.61 18.912 13.22 1.7 1
ILE 113  CG2 17.585 18.002 15.352 1.7 1
ILE 113  CD1 17.137 17.784 12.384 1.7 1
LEU 114  N   14.64 16.332 16.878 1.55 8
LEU 114  CA  14.234 16.263 18.27 1.7 2
LEU 114  C   15.423 16.713 19.131 1.7 0
LEU 114  O   16.527 16.192 18.978 1.52 10
LEU 114  CB  13.777 14.853 18.632 1.7 1
LEU 114  CG  13.181 14.735 20.039 1.7 1
LEU 114  CD1 11.967 15.645 20.186 1.7 1
LEU 114  CD2 12.801 13.291 20.319 1.7 1
VAL 115  N   15.179 17.655 20.045 1.55 8
VAL 115  CA  16.23 18.214 20.895 1.7 2
VAL 115  C   16.002 18.185 22.418 1.7 0
VAL 115  O   15.067 18.806 22.932 1.52 10
VAL 115  CB  16.517 19.7 20.492 1.7 1
VAL 115  CG1 17.651 20.272 21.34 1.7 1
VAL 115  CG2 16.875 19.802 19.012 1.7 1
GLY 116  N   16.842 17.438 23.133 1.55 8
GLY 116  CA  16.757 17.399 24.585 1.7 2
GLY 116  C   17.573 18.598 25.079 1.7 0
GLY 116  O   18.717 18.78 24.662 1.52 10
ASN 117  N   16.99 19.421 25.946 1.55 8
ASN 117  CA  17.666 20.614 26.447 1.7 2
ASN 117  C   18.01 20.495 27.906 1.7 0
ASN 117  O   17.531 19.584 28.592 1.52 10
ASN 117  CB  16.788 21.858 26.27 1.7 1
ASN 117  CG  16.609 22.243 24.828 1.7 0
ASN 117  OD1 17.151 21.597 23.928 1.52 10
ASN 117  ND2 15.849 23.304 24.588 1.55 8
LYS 118  N   18.812 21.446 28.389 1.55 8
LYS 118  CA  19.206 21.481 29.797 1.7 2
LYS 118  C   19.975 20.222 30.206 1.7 0
LYS 118  O   19.819 19.712 31.32 1.52 10
LYS 118  CB  17.966 21.659 30.691 1.7 1
LYS 118  CG  17.061 22.834 30.306 1.7 1
LYS 118  CD  16.043 23.148 31.389 1.7 1
LYS 118  CE  15.055 24.21 30.933 1.7 2
LYS 118  NZ  14.14 24.604 32.036 1.55 7
LYS 119  N   20.806 19.744 29.282 1.55 8
LYS 119  CA  21.647 18.56 29.464 1.7 2
LYS 119  C   22.451 18.589 30.767 1.7 0
LYS 119  O   22.735 17.547 31.348 1.52 10
LYS 119  CB  22.586 18.451 28.257 1.7 1
LYS 119  CG  23.613 17.331 28.263 1.7 1
LYS 119  CD  24.222 17.209 26.851 1.7 1
LYS 119  CE  25.508 16.382 26.798 1.7 2
LYS 119  NZ  25.327 14.988 27.315 1.55 7
ASP 120  N   22.808 19.788 31.222 1.55 8
ASP 120  CA  23.579 19.955 32.449 1.7 2
ASP 120  C   22.864 19.509 33.726 1.7 0
ASP 120  O   23.491 18.984 34.658 1.52 10
ASP 120  CB  24.045 21.414 32.588 1.7 1
ASP 120  CG  22.907 22.416 32.468 1.7 0
ASP 120  OD1 22.398 22.601 31.343 1.52 12
ASP 120  OD2 22.541 23.031 33.494 1.52 12
LEU 121  N   21.547 19.657 33.728 1.55 8
LEU 121  CA  20.721 19.313 34.88 1.7 2
LEU 121  C   20.558 17.826 35.135 1.7 0
LEU 121  O   19.94 17.424 36.119 1.52 10
LEU 121  CB  19.36 19.974 34.729 1.7 1
LEU 121  CG  19.461 21.494 34.67 1.7 1
LEU 121  CD1 18.139 22.11 34.253 1.7 1
LEU 121  CD2 19.893 22.001 36.024 1.7 1
ARG 122  N   21.121 17.005 34.263 1.55 8
ARG 122  CA  21.032 15.557 34.427 1.7 2
ARG 122  C   21.881 15.104 35.614 1.7 0
ARG 122  O   21.569 14.107 36.272 1.52 10
ARG 122  CB  21.487 14.853 33.143 1.7 1
ARG 122  CG  21.244 13.359 33.124 1.7 1
ARG 122  CD  20.582 12.939 31.819 1.7 2
ARG 122  NE  21.459 13.103 30.671 1.55 6
ARG 122  CZ  21.092 12.94 29.408 1.7 2
ARG 122  NH1 19.847 12.604 29.09 1.55 7
ARG 122  NH2 21.993 13.061 28.46 1.55 7
ASN 123  N   22.962 15.838 35.873 1.55 8
ASN 123  CA  23.856 15.518 36.979 1.7 2
ASN 123  C   23.537 16.309 38.23 1.7 0
ASN 123  O   23.901 15.903 39.332 1.52 10
ASN 123  CB  25.31 15.753 36.579 1.7 1
ASN 123  CG  25.847 14.67 35.67 1.7 0
ASN 123  OD1 25.502 13.489 35.814 1.52 10
ASN 123  ND2 26.698 15.056 34.723 1.55 8
ASP 124  N   22.864 17.445 38.056 1.55 8
ASP 124  CA  22.495 18.305 39.177 1.7 2
ASP 124  C   21.798 17.514 40.294 1.7 0
ASP 124  O   20.817 16.798 40.051 1.52 10
ASP 124  CB  21.606 19.456 38.691 1.7 1
ASP 124  CG  21.514 20.586 39.701 1.7 0
ASP 124  OD1 20.964 20.368 40.797 1.52 12
ASP 124  OD2 21.997 21.697 39.406 1.52 12
GLU 125  N   22.332 17.64 41.507 1.55 8
GLU 125  CA  21.82 16.945 42.689 1.7 2
GLU 125  C   20.472 17.504 43.158 1.7 0
GLU 125  O   19.58 16.748 43.555 1.52 10
GLU 125  CB  22.868 17.005 43.812 1.7 1
GLU 125  CG  22.605 16.099 45.019 1.7 1
GLU 125  CD  21.969 16.823 46.208 1.7 0
GLU 125  OE1 21.977 18.078 46.249 1.52 12
GLU 125  OE2 21.457 16.129 47.118 1.52 12
HIS 126  N   20.325 18.825 43.103 1.55 8
HIS 126  CA  19.083 19.482 43.505 1.7 2
HIS 126  C   17.94 18.952 42.649 1.7 0
HIS 126  O   16.867 18.628 43.157 1.52 10
HIS 126  CB  19.205 20.991 43.325 1.7 1
HIS 126  CG  18.496 21.778 44.38 1.7 3
HIS 126  ND1 19.172 22.4 45.417 1.55 9
HIS 126  CD2 17.186 22.053 44.566 1.7 3
HIS 126  CE1 18.298 23.019 46.191 1.7 3
HIS 126  NE2 17.092 22.829 45.7 1.55 9
THR 127  N   18.201 18.842 41.35 1.55 8
THR 127  CA  17.245 18.331 40.38 1.7 2
THR 127  C   16.831 16.899 40.705 1.7 0
THR 127  O   15.646 16.608 40.838 1.52 10
THR 127  CB  17.839 18.384 38.956 1.7 2
THR 127  OG1 17.94 19.751 38.543 1.52 11
THR 127  CG2 16.976 17.607 37.968 1.7 1
ARG 128  N   17.807 16.008 40.854 1.55 8
ARG 128  CA  17.512 14.614 41.159 1.7 2
ARG 128  C   16.733 14.434 42.45 1.7 0
ARG 128  O   15.901 13.533 42.556 1.52 10
ARG 128  CB  18.796 13.793 41.204 1.7 1
ARG 128  CG  19.402 13.577 39.84 1.7 1
ARG 128  CD  20.653 12.728 39.907 1.7 2
ARG 128  NE  21.015 12.259 38.577 1.55 6
ARG 128  CZ  20.563 11.128 38.039 1.7 2
ARG 128  NH1 19.735 10.354 38.719 1.55 7
ARG 128  NH2 20.89 10.812 36.799 1.55 7
ARG 129  N   16.972 15.31 43.422 1.55 8
ARG 129  CA  16.277 15.22 44.702 1.7 2
ARG 129  C   14.803 15.61 44.583 1.7 0
ARG 129  O   13.936 14.924 45.125 1.52 10
ARG 129  CB  16.98 16.064 45.766 1.7 1
ARG 129  CG  16.567 15.708 47.187 1.7 1
ARG 129  CD  17.461 16.374 48.215 1.7 2
ARG 129  NE  17.431 17.828 48.084 1.55 6
ARG 129  CZ  18.5 18.588 47.888 1.7 2
ARG 129  NH1 19.692 18.029 47.801 1.55 7
ARG 129  NH2 18.386 19.895 47.753 1.55 7
GLU 130  N   14.513 16.694 43.866 1.55 8
GLU 130  CA  13.133 17.143 43.678 1.7 2
GLU 130  C   12.294 16.126 42.899 1.7 0
GLU 130  O   11.145 15.86 43.258 1.52 10
GLU 130  CB  13.09 18.505 42.975 1.7 1
GLU 130  CG  13.33 19.696 43.895 1.7 1
GLU 130  CD  12.234 19.857 44.937 1.7 0
GLU 130  OE1 11.163 20.399 44.598 1.52 12
GLU 130  OE2 12.435 19.424 46.096 1.52 12
LEU 131  N   12.881 15.533 41.864 1.55 8
LEU 131  CA  12.18 14.546 41.045 1.7 2
LEU 131  C   11.956 13.219 41.766 1.7 0
LEU 131  O   11.08 12.441 41.385 1.52 10
LEU 131  CB  12.929 14.3 39.73 1.7 1
LEU 131  CG  13.001 15.458 38.733 1.7 1
LEU 131  CD1 13.803 15.035 37.518 1.7 1
LEU 131  CD2 11.602 15.891 38.323 1.7 1
ALA 132  N   12.737 12.967 42.812 1.55 8
ALA 132  CA  12.614 11.733 43.585 1.7 2
ALA 132  C   11.271 11.695 44.316 1.7 0
ALA 132  O   10.695 10.619 44.504 1.52 10
ALA 132  CB  13.765 11.603 44.578 1.7 1
LYS 133  N   10.779 12.866 44.726 1.55 8
LYS 133  CA  9.483 12.968 45.409 1.7 2
LYS 133  C   8.445 12.388 44.454 1.7 0
LYS 133  O   7.679 11.498 44.813 1.52 10
LYS 133  CB  9.106 14.432 45.701 1.7 1
LYS 133  CG  9.831 15.099 46.86 1.7 1
LYS 133  CD  11.302 15.325 46.548 1.7 1
LYS 133  CE  12.007 16.156 47.616 1.7 2
LYS 133  NZ  11.53 17.553 47.631 1.55 7
MET 134  N   8.484 12.867 43.212 1.55 8
MET 134  CA  7.566 12.435 42.163 1.7 2
MET 134  C   7.872 11.026 41.646 1.7 0
MET 134  O   7.255 10.574 40.679 1.52 10
MET 134  CB  7.608 13.427 40.992 1.7 1
MET 134  CG  7.401 14.89 41.369 1.7 1
MET 134  SD  5.834 15.202 42.211 1.8 13
MET 134  CE  6.401 15.663 43.869 1.7 1
LYS 135  N   8.826 10.346 42.275 1.55 8
LYS 135  CA  9.235 8.995 41.882 1.7 2
LYS 135  C   9.62 8.951 40.396 1.7 0
LYS 135  O   9.247 8.035 39.655 1.52 10
LYS 135  CB  8.137 7.972 42.213 1.7 1
LYS 135  CG  8.674 6.628 42.715 1.7 1
LYS 135  CD  7.562 5.702 43.215 1.7 1
LYS 135  CE  6.688 5.187 42.075 1.7 2
LYS 135  NZ  5.565 4.334 42.563 1.55 7
GLN 136  N   10.36 9.977 39.982 1.55 8
GLN 136  CA  10.845 10.126 38.613 1.7 2
GLN 136  C   12.341 10.413 38.637 1.7 0
GLN 136  O   12.968 10.504 39.699 1.52 10
GLN 136  CB  10.171 11.313 37.922 1.7 1
GLN 136  CG  8.68 11.213 37.732 1.7 1
GLN 136  CD  8.12 12.439 37.031 1.7 0
GLN 136  OE1 8.366 13.574 37.447 1.52 10
GLN 136  NE2 7.377 12.214 35.953 1.55 8
GLU 137  N   12.886 10.642 37.447 1.55 8
GLU 137  CA  14.295 10.946 37.269 1.7 2
GLU 137  C   14.452 11.607 35.902 1.7 0
GLU 137  O   13.531 11.559 35.082 1.52 10
GLU 137  CB  15.128 9.664 37.335 1.7 1
GLU 137  CG  14.776 8.647 36.272 1.7 1
GLU 137  CD  15.59 7.38 36.384 1.7 0
GLU 137  OE1 16.837 7.456 36.333 1.52 12
GLU 137  OE2 14.983 6.293 36.474 1.52 12
PRO 138  N   15.583 12.296 35.674 1.55 6
PRO 138  CA  15.844 12.97 34.399 1.7 2
PRO 138  C   15.731 12.011 33.228 1.7 0
PRO 138  O   15.833 10.795 33.393 1.52 10
PRO 138  CB  17.27 13.467 34.576 1.7 1
PRO 138  CG  17.31 13.815 36.025 1.7 1
PRO 138  CD  16.644 12.611 36.648 1.7 2
VAL 139  N   15.537 12.569 32.043 1.55 8
VAL 139  CA  15.398 11.755 30.843 1.7 2
VAL 139  C   16.738 11.122 30.44 1.7 0
VAL 139  O   17.778 11.781 30.465 1.52 10
VAL 139  CB  14.878 12.614 29.666 1.7 1
VAL 139  CG1 14.545 11.738 28.471 1.7 1
VAL 139  CG2 13.677 13.428 30.097 1.7 1
LYS 140  N   16.703 9.838 30.109 1.55 8
LYS 140  CA  17.893 9.124 29.667 1.7 2
LYS 140  C   18.024 9.298 28.156 1.7 0
LYS 140  O   17.039 9.262 27.414 1.52 10
LYS 140  CB  17.787 7.638 29.999 1.7 1
LYS 140  CG  17.66 7.343 31.471 1.7 1
LYS 140  CD  17.479 5.862 31.714 1.7 1
LYS 140  CE  17.294 5.58 33.187 1.7 2
LYS 140  NZ  16.147 6.349 33.718 1.55 7
PRO 141  N   19.261 9.451 27.672 1.55 6
PRO 141  CA  19.508 9.63 26.243 1.7 2
PRO 141  C   18.818 8.584 25.369 1.7 0
PRO 141  O   18.427 8.877 24.239 1.52 10
PRO 141  CB  21.03 9.502 26.145 1.7 1
PRO 141  CG  21.496 10.005 27.47 1.7 1
PRO 141  CD  20.527 9.356 28.418 1.7 2
GLU 142  N   18.66 7.369 25.892 1.55 8
GLU 142  CA  18.031 6.308 25.116 1.7 2
GLU 142  C   16.579 6.633 24.825 1.7 0
GLU 142  O   16.191 6.725 23.664 1.52 10
GLU 142  CB  18.116 4.948 25.822 1.7 1
GLU 142  CG  19.511 4.377 25.946 1.7 1
GLU 142  CD  20.363 5.155 26.929 1.7 0
GLU 142  OE1 19.99 5.23 28.121 1.52 12
GLU 142  OE2 21.387 5.725 26.496 1.52 12
GLU 143  N   15.798 6.859 25.877 1.55 8
GLU 143  CA  14.378 7.158 25.722 1.7 2
GLU 143  C   14.094 8.364 24.811 1.7 0
GLU 143  O   13.085 8.392 24.088 1.52 10
GLU 143  CB  13.689 7.272 27.092 1.7 1
GLU 143  CG  14.467 8.049 28.129 1.7 1
GLU 143  CD  14.089 7.703 29.561 1.7 0
GLU 143  OE1 13.958 6.5 29.884 1.52 12
GLU 143  OE2 13.969 8.641 30.382 1.52 12
GLY 144  N   15.018 9.316 24.779 1.55 8
GLY 144  CA  14.831 10.462 23.903 1.7 2
GLY 144  C   15.032 10.043 22.45 1.7 0
GLY 144  O   14.375 10.559 21.545 1.52 10
ARG 145  N   15.948 9.104 22.221 1.55 8
ARG 145  CA  16.234 8.611 20.87 1.7 2
ARG 145  C   15.076 7.763 20.353 1.7 0
ARG 145  O   14.75 7.79 19.164 1.52 10
ARG 145  CB  17.513 7.772 20.869 1.7 1
ARG 145  CG  18.584 8.272 19.917 1.7 1
ARG 145  CD  19.745 7.28 19.81 1.7 2
ARG 145  NE  20.377 7.012 21.1 1.55 6
ARG 145  CZ  21.361 7.737 21.626 1.7 2
ARG 145  NH1 21.842 8.792 20.984 1.55 7
ARG 145  NH2 21.842 7.425 22.813 1.55 7
ASP 146  N   14.482 6.997 21.266 1.55 8
ASP 146  CA  13.345 6.131 20.964 1.7 2
ASP 146  C   12.212 7.028 20.48 1.7 0
ASP 146  O   11.672 6.847 19.381 1.52 10
ASP 146  CB  12.918 5.384 22.236 1.7 1
ASP 146  CG  11.781 4.392 21.998 1.7 0
ASP 146  OD1 11.442 4.091 20.827 1.52 12
ASP 146  OD2 11.216 3.912 23.009 1.52 12
MET 147  N   11.929 8.063 21.267 1.55 8
MET 147  CA  10.876 9.001 20.929 1.7 2
MET 147  C   11.13 9.63 19.569 1.7 0
MET 147  O   10.194 9.847 18.802 1.52 10
MET 147  CB  10.767 10.089 21.987 1.7 1
MET 147  CG  9.549 10.981 21.789 1.7 1
MET 147  SD  8.015 10.016 21.717 1.8 13
MET 147  CE  7.686 9.784 23.486 1.7 1
ALA 148  N   12.392 9.897 19.26 1.55 8
ALA 148  CA  12.738 10.504 17.978 1.7 2
ALA 148  C   12.421 9.558 16.837 1.7 0
ALA 148  O   11.947 9.99 15.788 1.52 10
ALA 148  CB  14.203 10.893 17.951 1.7 1
ASN 149  N   12.67 8.269 17.04 1.55 8
ASN 149  CA  12.407 7.279 15.999 1.7 2
ASN 149  C   10.909 7.069 15.811 1.7 0
ASN 149  O   10.41 6.979 14.69 1.52 10
ASN 149  CB  13.08 5.944 16.331 1.7 1
ASN 149  CG  12.771 4.865 15.296 1.7 0
ASN 149  OD1 12.176 3.834 15.613 1.52 10
ASN 149  ND2 13.16 5.11 14.048 1.55 8
ARG 150  N   10.206 7.035 16.931 1.55 8
ARG 150  CA  8.765 6.847 16.972 1.7 2
ARG 150  C   8.018 7.878 16.111 1.7 0
ARG 150  O   7.047 7.552 15.437 1.52 10
ARG 150  CB  8.324 6.95 18.431 1.7 1
ARG 150  CG  6.886 6.624 18.72 1.7 1
ARG 150  CD  6.719 6.425 20.212 1.7 2
ARG 150  NE  7.598 5.369 20.711 1.55 6
ARG 150  CZ  7.839 5.145 22.0 1.7 2
ARG 150  NH1 7.285 5.901 22.931 1.55 7
ARG 150  NH2 8.608 4.136 22.361 1.55 7
ILE 151  N   8.495 9.116 16.108 1.55 8
ILE 151  CA  7.859 10.179 15.341 1.7 2
ILE 151  C   8.593 10.472 14.043 1.7 0
ILE 151  O   8.393 11.521 13.431 1.52 10
ILE 151  CB  7.775 11.477 16.164 1.7 1
ILE 151  CG1 9.163 12.102 16.324 1.7 1
ILE 151  CG2 7.223 11.166 17.542 1.7 1
ILE 151  CD1 9.18 13.403 17.13 1.7 1
GLY 152  N   9.491 9.565 13.658 1.55 8
GLY 152  CA  10.242 9.737 12.426 1.7 2
GLY 152  C   11.043 11.024 12.328 1.7 0
GLY 152  O   10.991 11.72 11.31 1.52 10
ALA 153  N   11.765 11.359 13.392 1.55 8
ALA 153  CA  12.599 12.559 13.39 1.7 2
ALA 153  C   13.836 12.309 12.524 1.7 0
ALA 153  O   14.238 11.165 12.319 1.52 10
ALA 153  CB  13.011 12.932 14.806 1.7 1
PHE 154  N   14.389 13.377 11.969 1.55 8
PHE 154  CA  15.575 13.285 11.13 1.7 2
PHE 154  C   16.768 12.911 12.005 1.7 0
PHE 154  O   17.735 12.309 11.539 1.52 10
PHE 154  CB  15.823 14.621 10.433 1.7 1
PHE 154  CG  17.055 14.64 9.581 1.7 3
PHE 154  CD1 17.045 14.079 8.312 1.7 3
PHE 154  CD2 18.223 15.239 10.04 1.7 3
PHE 154  CE1 18.182 14.112 7.509 1.7 3
PHE 154  CE2 19.368 15.278 9.247 1.7 3
PHE 154  CZ  19.347 14.713 7.977 1.7 3
GLY 155  N   16.694 13.28 13.275 1.55 8
GLY 155  CA  17.769 12.958 14.184 1.7 2
GLY 155  C   17.528 13.526 15.562 1.7 0
GLY 155  O   16.779 14.493 15.727 1.52 10
TYR 156  N   18.117 12.875 16.556 1.55 8
TYR 156  CA  18.02 13.295 17.945 1.7 2
TYR 156  C   19.348 13.944 18.337 1.7 0
TYR 156  O   20.407 13.548 17.851 1.52 10
TYR 156  CB  17.742 12.093 18.831 1.7 1
TYR 156  CG  17.747 12.384 20.307 1.7 3
TYR 156  CD1 16.923 13.364 20.848 1.7 3
TYR 156  CD2 18.532 11.63 21.176 1.7 3
TYR 156  CE1 16.881 13.58 22.231 1.7 3
TYR 156  CE2 18.492 11.831 22.544 1.7 3
TYR 156  CZ  17.664 12.803 23.068 1.7 4
TYR 156  OH  17.611 12.974 24.433 1.52 11
MET 157  N   19.28 14.883 19.268 1.55 8
MET 157  CA  20.45 15.611 19.711 1.7 2
MET 157  C   20.18 16.122 21.114 1.7 0
MET 157  O   19.028 16.303 21.496 1.52 10
MET 157  CB  20.661 16.816 18.787 1.7 1
MET 157  CG  22.09 17.293 18.699 1.7 1
MET 157  SD  23.092 16.183 17.689 1.8 13
MET 157  CE  23.314 17.206 16.229 1.7 1
GLU 158  N   21.239 16.318 21.894 1.55 8
GLU 158  CA  21.119 16.852 23.255 1.7 2
GLU 158  C   22.065 18.055 23.389 1.7 0
GLU 158  O   22.968 18.228 22.557 1.52 10
GLU 158  CB  21.471 15.801 24.291 1.7 1
GLU 158  CG  20.474 14.662 24.443 1.7 1
GLU 158  CD  20.805 13.786 25.647 1.7 0
GLU 158  OE1 21.98 13.81 26.098 1.52 12
GLU 158  OE2 19.913 13.063 26.156 1.52 12
CYS 159  N   21.866 18.887 24.412 1.55 8
CYS 159  CA  22.715 20.063 24.581 1.7 2
CYS 159  C   22.408 20.866 25.837 1.7 0
CYS 159  O   21.463 20.576 26.57 1.52 10
CYS 159  CB  22.554 20.995 23.377 1.7 1
CYS 159  SG  20.946 21.792 23.346 1.8 13
SER 160  N   23.228 21.881 26.08 1.55 8
SER 160  CA  23.056 22.778 27.209 1.7 2
SER 160  C   23.388 24.19 26.752 1.7 0
SER 160  O   24.491 24.453 26.282 1.52 10
SER 160  CB  23.965 22.407 28.37 1.7 2
SER 160  OG  23.9 23.441 29.34 1.52 11
ALA 161  N   22.416 25.088 26.845 1.55 8
ALA 161  CA  22.623 26.472 26.441 1.7 2
ALA 161  C   23.405 27.195 27.533 1.7 0
ALA 161  O   24.037 28.224 27.29 1.52 10
ALA 161  CB  21.29 27.152 26.212 1.7 1
LYS 162  N   23.35 26.649 28.743 1.55 8
LYS 162  CA  24.048 27.235 29.873 1.7 2
LYS 162  C   25.574 27.048 29.77 1.7 0
LYS 162  O   26.319 28.017 29.914 1.52 10
LYS 162  CB  23.533 26.644 31.185 1.7 1
LYS 162  CG  23.847 27.496 32.387 1.7 1
LYS 162  CD  23.477 26.781 33.684 1.7 1
LYS 162  CE  23.77 27.645 34.908 1.7 2
LYS 162  NZ  23.046 28.95 34.832 1.55 7
THR 163  N   26.021 25.814 29.514 1.55 8
THR 163  CA  27.451 25.501 29.399 1.7 2
THR 163  C   27.968 25.58 27.962 1.7 0
THR 163  O   29.174 25.603 27.741 1.52 10
THR 163  CB  27.768 24.091 29.903 1.7 2
THR 163  OG1 27.246 23.13 28.979 1.52 11
THR 163  CG2 27.161 23.848 31.27 1.7 1
LYS 164  N   27.04 25.623 27.007 1.55 8
LYS 164  CA  27.313 25.676 25.566 1.7 2
LYS 164  C   27.57 24.298 24.961 1.7 0
LYS 164  O   27.704 24.162 23.734 1.52 10
LYS 164  CB  28.446 26.639 25.211 1.7 1
LYS 164  CG  28.047 28.113 25.107 1.7 1
LYS 164  CD  29.095 28.886 24.287 1.7 1
LYS 164  CE  28.818 30.386 24.235 1.7 2
LYS 164  NZ  28.957 31.028 25.591 1.55 7
ASP 165  N   27.554 23.271 25.818 1.55 8
ASP 165  CA  27.774 21.884 25.408 1.7 2
ASP 165  C   26.856 21.424 24.277 1.7 0
ASP 165  O   25.649 21.302 24.465 1.52 10
ASP 165  CB  27.59 20.971 26.631 1.7 1
ASP 165  CG  27.928 19.512 26.357 1.7 0
ASP 165  OD1 28.398 19.195 25.248 1.52 12
ASP 165  OD2 27.725 18.674 27.272 1.52 12
GLY 166  N   27.404 21.255 23.079 1.55 8
GLY 166  CA  26.604 20.77 21.962 1.7 2
GLY 166  C   25.666 21.719 21.227 1.7 0
GLY 166  O   24.962 21.295 20.298 1.52 10
VAL 167  N   25.648 22.992 21.602 1.55 8
VAL 167  CA  24.77 23.954 20.928 1.7 2
VAL 167  C   25.059 24.084 19.425 1.7 0
VAL 167  O   24.138 24.133 18.609 1.52 10
VAL 167  CB  24.853 25.343 21.592 1.7 1
VAL 167  CG1 24.24 26.411 20.696 1.7 1
VAL 167  CG2 24.147 25.314 22.933 1.7 1
ARG 168  N   26.333 24.145 19.063 1.55 8
ARG 168  CA  26.73 24.298 17.667 1.7 2
ARG 168  C   26.349 23.107 16.791 1.7 0
ARG 168  O   25.886 23.283 15.66 1.52 10
ARG 168  CB  28.244 24.57 17.595 1.7 1
ARG 168  CG  28.859 24.606 16.204 1.7 1
ARG 168  CD  28.262 25.692 15.338 1.7 2
ARG 168  NE  28.364 27.015 15.948 1.55 6
ARG 168  CZ  28.326 28.161 15.267 1.7 2
ARG 168  NH1 28.198 28.161 13.949 1.55 7
ARG 168  NH2 28.399 29.31 15.913 1.55 7
GLU 169  N   26.454 21.902 17.345 1.55 8
GLU 169  CA  26.146 20.696 16.584 1.7 2
GLU 169  C   24.657 20.647 16.231 1.7 0
GLU 169  O   24.283 20.198 15.141 1.52 10
GLU 169  CB  26.589 19.438 17.357 1.7 1
GLU 169  CG  28.114 19.315 17.573 1.7 1
GLU 169  CD  28.62 20.067 18.8 1.7 0
GLU 169  OE1 28.64 21.317 18.811 1.52 12
GLU 169  OE2 28.996 19.405 19.782 1.52 12
VAL 170  N   23.824 21.156 17.146 1.55 8
VAL 170  CA  22.369 21.21 16.971 1.7 2
VAL 170  C   22.007 21.941 15.681 1.7 0
VAL 170  O   21.279 21.415 14.836 1.52 10
VAL 170  CB  21.674 21.937 18.168 1.7 1
VAL 170  CG1 20.211 22.206 17.853 1.7 1
VAL 170  CG2 21.766 21.103 19.437 1.7 1
PHE 171  N   22.542 23.141 15.506 1.55 8
PHE 171  CA  22.236 23.919 14.313 1.7 2
PHE 171  C   22.869 23.407 13.029 1.7 0
PHE 171  O   22.283 23.519 11.951 1.52 10
PHE 171  CB  22.523 25.393 14.55 1.7 1
PHE 171  CG  21.628 26.004 15.589 1.7 3
PHE 171  CD1 21.836 25.75 16.94 1.7 3
PHE 171  CD2 20.547 26.8 15.215 1.7 3
PHE 171  CE1 20.982 26.277 17.907 1.7 3
PHE 171  CE2 19.69 27.331 16.177 1.7 3
PHE 171  CZ  19.91 27.068 17.523 1.7 3
GLU 172  N   24.047 22.808 13.137 1.55 8
GLU 172  CA  24.692 22.276 11.944 1.7 2
GLU 172  C   23.811 21.143 11.415 1.7 0
GLU 172  O   23.54 21.061 10.216 1.52 10
GLU 172  CB  26.121 21.798 12.25 1.7 1
GLU 172  CG  27.127 22.947 12.408 1.7 1
GLU 172  CD  28.524 22.502 12.844 1.7 0
GLU 172  OE1 28.817 21.28 12.841 1.52 12
GLU 172  OE2 29.337 23.394 13.179 1.52 12
MET 173  N   23.306 20.308 12.315 1.55 8
MET 173  CA  22.441 19.224 11.892 1.7 2
MET 173  C   21.17 19.808 11.255 1.7 0
MET 173  O   20.691 19.306 10.234 1.52 10
MET 173  CB  22.096 18.321 13.068 1.7 1
MET 173  CG  21.229 17.14 12.685 1.7 1
MET 173  SD  20.917 16.026 14.064 1.8 13
MET 173  CE  21.105 14.452 13.254 1.7 1
ALA 174  N   20.662 20.901 11.822 1.55 8
ALA 174  CA  19.462 21.545 11.286 1.7 2
ALA 174  C   19.71 22.048 9.869 1.7 0
ALA 174  O   18.942 21.745 8.959 1.52 10
ALA 174  CB  19.015 22.697 12.184 1.7 1
THR 175  N   20.82 22.752 9.675 1.55 8
THR 175  CA  21.167 23.3 8.362 1.7 2
THR 175  C   21.372 22.177 7.35 1.7 0
THR 175  O   20.856 22.22 6.234 1.52 10
THR 175  CB  22.446 24.149 8.438 1.7 2
THR 175  OG1 22.3 25.148 9.462 1.52 11
THR 175  CG2 22.697 24.834 7.117 1.7 1
ARG 176  N   22.092 21.151 7.775 1.55 8
ARG 176  CA  22.376 19.995 6.936 1.7 2
ARG 176  C   21.061 19.382 6.436 1.7 0
ARG 176  O   20.964 18.959 5.282 1.52 10
ARG 176  CB  23.166 18.967 7.75 1.7 1
ARG 176  CG  23.973 17.977 6.931 1.7 1
ARG 176  CD  24.819 17.083 7.845 1.7 2
ARG 176  NE  25.67 17.865 8.743 1.55 6
ARG 176  CZ  26.915 18.228 8.473 1.7 2
ARG 176  NH1 27.468 17.89 7.324 1.55 7
ARG 176  NH2 27.61 18.935 9.344 1.55 7
ALA 177  N   20.049 19.377 7.297 1.55 8
ALA 177  CA  18.736 18.827 6.954 1.7 2
ALA 177  C   17.873 19.783 6.125 1.7 0
ALA 177  O   17.039 19.348 5.345 1.52 10
ALA 177  CB  17.995 18.421 8.216 1.7 1
ALA 178  N   18.078 21.084 6.301 1.55 8
ALA 178  CA  17.304 22.087 5.571 1.7 2
ALA 178  C   17.75 22.219 4.116 1.7 0
ALA 178  O   17.021 22.768 3.279 1.52 10
ALA 178  CB  17.406 23.436 6.276 1.7 1
LEU 179  N   18.971 21.788 3.831 1.55 8
LEU 179  CA  19.511 21.861 2.474 1.7 2
LEU 179  C   19.106 20.64 1.675 1.7 0
LEU 179  O   18.557 20.754 0.579 1.52 10
LEU 179  CB  21.037 21.972 2.501 1.7 1
LEU 179  CG  21.663 23.365 2.487 1.7 1
LEU 179  CD1 21.061 24.24 3.568 1.7 1
LEU 179  CD2 23.159 23.241 2.668 1.7 1
GLN 180  N   19.434 19.466 2.198 1.55 8
GLN 180  CA  19.111 18.224 1.53 1.7 2
GLN 180  C   17.69 17.818 1.866 1.7 0
GLN 180  O   16.955 18.588 2.481 1.52 10
GLN 180  CB  20.077 17.127 1.955 1.7 1
GLN 180  CG  19.944 16.715 3.407 1.7 1
GLN 180  CD  20.887 15.595 3.766 1.7 0
GLN 180  OE1 20.838 14.52 3.167 1.52 10
GLN 180  NE2 21.767 15.839 4.735 1.55 8
ALA 181  N   17.345 16.582 1.51 1.55 8
ALA 181  CA  16.022 16.014 1.748 1.7 2
ALA 181  C   14.936 16.825 1.03 1.7 0
ALA 181  O   14.944 16.808 -0.219 1.52 10
ALA 181  CB  15.738 15.912 3.26 1.7 1
ALA 181  OXT 14.104 17.472 1.698 1.52 12
